0 0.09609375 0.6390625 0.13046875 0.2734375
0 0.18125 0.665625 0.1265625 0.2875
0 0.084375 0.44765625 0.1609375 0.15859375
0 0.196875 0.4390625 0.1359375 0.14921875
0 0.2953125 0.61640625 0.15234375 0.7671875
0 0.43359375 0.45078125 0.171875 0.56796875
0 0.52578125 0.3890625 0.19765625 0.546875
0 0.146875 0.31328125 0.1015625 0.13828125
0 0.26015625 0.29375 0.1390625 0.2125
0 0.67734375 0.2953125 0.25 0.4140625
0 0.73671875 0.26015625 0.2609375 0.4203125
0 0.82265625 0.196875 0.3546875 0.3734375