1 0.69296875 0.34296875 0.1125 0.2453125
1 0.79609375 0.37109375 0.13125 0.2546875
1 0.9078125 0.375 0.1359375 0.3171875
1 0.98359375 0.37578125 0.0328125 0.2203125
1 0.3921875 0.38359375 0.084375 0.290625
1 0.134375 0.38046875 0.1375 0.33125
1 0.27421875 0.3875 0.1234375 0.2453125
1 0.56171875 0.409375 0.115625 0.303125
1 0.02890625 0.41328125 0.0578125 0.2390625
1 0.1703125 0.42734375 0.05625 0.1390625
1 0.446875 0.47890625 0.15625 0.334375
1 0.978125 0.51328125 0.04375 0.2265625
1 0.91875 0.515625 0.121875 0.2171875
1 0.33828125 0.5296875 0.103125 0.2828125
1 0.62734375 0.584375 0.121875 0.3234375
1 0.57109375 0.63203125 0.0859375 0.146875
1 0.6140625 0.721875 0.140625 0.5515625
1 0.82109375 0.72890625 0.1515625 0.5421875
1 0.890625 0.73828125 0.18125 0.5234375
1 0.76875 0.74296875 0.11875 0.5140625
1 0.39140625 0.740625 0.13125 0.434375
1 0.26484375 0.746875 0.140625 0.5
1 0.71484375 0.76640625 0.1484375 0.4671875
1 0.571875 0.76796875 0.121875 0.4625
1 0.503125 0.76796875 0.2046875 0.4625
1 0.1359375 0.76171875 0.159375 0.4671875
1 0.0359375 0.7765625 0.071875 0.4