1 0.684375 0.33359375 0.115625 0.246875
1 0.7890625 0.35546875 0.1359375 0.25625
1 0.90078125 0.35390625 0.140625 0.31875
1 0.97890625 0.3515625 0.0390625 0.221875
1 0.3859375 0.3890625 0.0890625 0.2921875
1 0.128125 0.4 0.14375 0.334375
1 0.26875 0.39921875 0.128125 0.2484375
1 0.55703125 0.40625 0.121875 0.3046875
1 0.028125 0.43828125 0.05625 0.2390625
1 0.16640625 0.44453125 0.0578125 0.1390625
1 0.44609375 0.48125 0.1609375 0.3375
1 0.97734375 0.4875 0.0453125 0.228125
1 0.91875 0.49375 0.125 0.21875
1 0.340625 0.53828125 0.1078125 0.284375
1 0.63203125 0.57734375 0.128125 0.325
1 0.578125 0.628125 0.0890625 0.1484375
1 0.62578125 0.715625 0.15 0.5546875
1 0.83359375 0.715625 0.1609375 0.55
1 0.903125 0.721875 0.190625 0.534375
1 0.78125 0.7296875 0.1265625 0.5171875
1 0.40390625 0.7453125 0.1390625 0.4375
1 0.278125 0.753125 0.15 0.49375
1 0.72890625 0.75703125 0.15625 0.4734375
1 0.5859375 0.76328125 0.1296875 0.4640625
1 0.5171875 0.7671875 0.2125 0.465625
1 0.14921875 0.77265625 0.1671875 0.4546875
1 0.046875 0.8 0.0875 0.4