1 0.9671875 0.35625 0.065625 0.259375
1 0.93203125 0.43984375 0.08125 0.325
1 0.0671875 0.59453125 0.13125 0.7203125
1 0.69296875 0.59296875 0.153125 0.8
1 0.57421875 0.6078125 0.1734375 0.7828125
1 0.43046875 0.61328125 0.1296875 0.7734375
1 0.86953125 0.6078125 0.2609375 0.746875
1 0.26484375 0.625 0.1984375 0.75
1 0.578125 0.1171875 0.0765625 0.2234375
1 0.10078125 0.1375 0.046875 0.2125
1 0.32421875 0.1390625 0.0328125 0.1078125
1 0.18046875 0.14296875 0.0328125 0.1296875
1 0.2875 0.1609375 0.0421875 0.0765625
1 0.21328125 0.1734375 0.0390625 0.1296875
1 0.36796875 0.17109375 0.0390625 0.1078125
1 0.0265625 0.17890625 0.053125 0.1609375
1 0.39140625 0.17421875 0.021875 0.1078125
1 0.24765625 0.21015625 0.046875 0.09375
1 0.42109375 0.2265625 0.05 0.109375
1 0.5640625 0.25 0.04375 0.1265625
1 0.134375 0.25859375 0.0703125 0.2765625
1 0.88671875 0.259375 0.0375 0.1078125
1 0.48984375 0.28046875 0.0671875 0.23125
1 0.83828125 0.27421875 0.0390625 0.1015625
1 0.63046875 0.28359375 0.046875 0.2375
1 0.30625 0.31875 0.0703125 0.2515625