1 0.96171875 0.33984375 0.075 0.2609375
1 0.9296875 0.425 0.0921875 0.328125
1 0.07421875 0.60859375 0.1484375 0.7234375
1 0.69609375 0.5859375 0.18125 0.803125
1 0.578125 0.60546875 0.2015625 0.7875
1 0.434375 0.6140625 0.15625 0.771875
1 0.86484375 0.59453125 0.2703125 0.7546875
1 0.26875 0.62734375 0.225 0.7453125
1 0.56484375 0.11484375 0.084375 0.2265625
1 0.08828125 0.1515625 0.0546875 0.2140625
1 0.31171875 0.1453125 0.0359375 0.109375
1 0.16796875 0.1546875 0.0375 0.1296875
1 0.27578125 0.16796875 0.0453125 0.078125
1 0.2015625 0.18359375 0.04375 0.13125
1 0.35625 0.17578125 0.04375 0.109375
1 0.02265625 0.1953125 0.0453125 0.1625
1 0.3796875 0.178125 0.025 0.109375
1 0.23828125 0.21875 0.05 0.0953125
1 0.41171875 0.22890625 0.0546875 0.1109375
1 0.55546875 0.24765625 0.0484375 0.128125
1 0.12578125 0.271875 0.0796875 0.278125
1 0.878125 0.24609375 0.0421875 0.109375
1 0.48203125 0.28125 0.075 0.2328125
1 0.83046875 0.2625 0.0421875 0.103125
1 0.62265625 0.27890625 0.0546875 0.2390625
1 0.3 0.32578125 0.0796875 0.2546875