1 0.45546875 0.14140625 0.2703125 0.2828125
1 0.68671875 0.175 0.125 0.19375
1 0.27734375 0.21328125 0.109375 0.26875
1 0.8703125 0.1984375 0.24375 0.396875
1 0.525 0.2828125 0.1703125 0.3390625
1 0.95390625 0.27734375 0.08125 0.29375
1 0.73984375 0.32890625 0.1140625 0.2359375
1 0.1828125 0.3734375 0.1171875 0.2515625
1 0.09140625 0.4875 0.1046875 0.3546875
1 0.28984375 0.484375 0.1328125 0.278125
1 0.4671875 0.48203125 0.253125 0.4671875
1 0.665625 0.49296875 0.221875 0.4046875
1 0.86875 0.48828125 0.25625 0.3515625
1 0.51015625 0.53125 0.0828125 0.16875
1 0.0375 0.58828125 0.075 0.2703125
1 0.1890625 0.6609375 0.1203125 0.2828125
1 0.48359375 0.65234375 0.0890625 0.1625
1 0.70859375 0.66796875 0.0953125 0.2390625
1 0.97109375 0.70625 0.0578125 0.14375
1 0.7859375 0.74296875 0.1046875 0.2125
1 0.88125 0.75546875 0.175 0.409375
1 0.2859375 0.80234375 0.225 0.3953125
1 0.10703125 0.8328125 0.1890625 0.334375
1 0.953125 0.8 0.09375 0.303125
1 0.98046875 0.81953125 0.0390625 0.1484375
1 0.63359375 0.84921875 0.25 0.2640625
1 0.434375 0.8703125 0.1421875 0.240625
1 0.80703125 0.871875 0.190625 0.190625
1 0.1578125 0.95 0.11875 0.1
1 0.62734375 0.09296875 0.0984375 0.1859375
1 0.77265625 0.11640625 0.1109375 0.2328125