1 0.46796875 0.13828125 0.2609375 0.2765625
1 0.69765625 0.18203125 0.11875 0.190625
1 0.2875 0.20546875 0.1 0.265625
1 0.88203125 0.20390625 0.2296875 0.4078125
1 0.53203125 0.28359375 0.159375 0.334375
1 0.9609375 0.29296875 0.0703125 0.2921875
1 0.74609375 0.3375 0.10625 0.2328125
1 0.1875 0.3625 0.109375 0.2484375
1 0.0921875 0.4734375 0.0921875 0.353125
1 0.290625 0.4765625 0.125 0.275
1 0.46796875 0.48046875 0.2390625 0.459375
1 0.665625 0.49921875 0.2078125 0.3984375
1 0.86875 0.5015625 0.2453125 0.3453125
1 0.50859375 0.53203125 0.0765625 0.1671875
1 0.03359375 0.571875 0.0671875 0.26875
1 0.18359375 0.65 0.1109375 0.2796875
1 0.478125 0.6515625 0.084375 0.1609375
1 0.70234375 0.675 0.0875 0.2359375
1 0.96796875 0.72265625 0.0640625 0.1421875
1 0.77734375 0.753125 0.0984375 0.209375
1 0.871875 0.76875 0.1609375 0.40625
1 0.27578125 0.796875 0.2125 0.3921875
1 0.09609375 0.821875 0.178125 0.334375
1 0.95078125 0.8171875 0.0984375 0.3
1 0.97578125 0.8359375 0.0484375 0.146875
1 0.62109375 0.85390625 0.240625 0.25625
1 0.42109375 0.86796875 0.134375 0.2359375
1 0.79375 0.88203125 0.184375 0.184375
1 0.14296875 0.94296875 0.115625 0.10625
1 0.6421875 0.09453125 0.090625 0.1890625
1 0.78671875 0.1203125 0.1015625 0.240625