1 0.2890625 0.16796875 0.09375 0.1703125
1 0.3703125 0.2046875 0.1375 0.259375
1 0.8265625 0.30703125 0.14375 0.253125
1 0.5765625 0.29453125 0.0453125 0.1140625
1 0.53046875 0.29921875 0.0453125 0.096875
1 0.42890625 0.31015625 0.096875 0.1546875
1 0.27265625 0.29453125 0.0703125 0.1234375
1 0.64453125 0.3453125 0.0671875 0.134375
1 0.67890625 0.35078125 0.0421875 0.109375
1 0.89453125 0.37734375 0.0453125 0.109375
1 0.85390625 0.3734375 0.0578125 0.1078125
1 0.49453125 0.340625 0.075 0.1328125
1 0.62421875 0.39765625 0.075 0.1640625
1 0.365625 0.37734375 0.08125 0.1625
1 0.73515625 0.425 0.1 0.1984375
1 0.31171875 0.38203125 0.0734375 0.1640625
1 0.434375 0.43828125 0.0640625 0.16875
1 0.59609375 0.4640625 0.19375 0.35
1 0.471875 0.49140625 0.1 0.184375
1 0.934375 0.5671875 0.13125 0.4375
1 0.8140625 0.621875 0.2671875 0.4546875
1 0.26875 0.5921875 0.171875 0.346875
1 0.64140625 0.64296875 0.2078125 0.3765625
1 0.46484375 0.63515625 0.309375 0.521875
1 0.1859375 0.73125 0.3640625 0.4953125
1 0.0859375 0.721875 0.171875 0.46875
1 0.68046875 0.85546875 0.4140625 0.2890625