1 0.2828125 0.171875 0.0921875 0.16875
1 0.36484375 0.20703125 0.1328125 0.2578125
1 0.8234375 0.3015625 0.1390625 0.2515625
1 0.57265625 0.29296875 0.04375 0.1140625
1 0.5265625 0.2984375 0.04375 0.0953125
1 0.42578125 0.31171875 0.09375 0.153125
1 0.26875 0.2984375 0.06875 0.1234375
1 0.6421875 0.34296875 0.0640625 0.134375
1 0.6765625 0.3484375 0.040625 0.109375
1 0.8921875 0.37109375 0.04375 0.109375
1 0.8515625 0.3671875 0.05625 0.1078125
1 0.49140625 0.340625 0.071875 0.1328125
1 0.62265625 0.39609375 0.071875 0.1640625
1 0.36328125 0.3796875 0.0796875 0.1625
1 0.73359375 0.42109375 0.096875 0.196875
1 0.309375 0.3859375 0.0703125 0.1640625
1 0.43359375 0.43984375 0.0609375 0.16875
1 0.5953125 0.46171875 0.1890625 0.3484375
1 0.471875 0.49140625 0.096875 0.184375
1 0.9359375 0.559375 0.128125 0.4375
1 0.81640625 0.61640625 0.2609375 0.4515625
1 0.27109375 0.59609375 0.1671875 0.3453125
1 0.64375 0.640625 0.2015625 0.3734375
1 0.4671875 0.6359375 0.3015625 0.51875
1 0.18984375 0.73671875 0.35625 0.4921875
1 0.0859375 0.7296875 0.171875 0.465625
1 0.6859375 0.85546875 0.409375 0.2890625