1 0.17734375 0.23125 0.2453125 0.4015625
1 0.4921875 0.20703125 0.209375 0.4140625
1 0.69140625 0.22890625 0.20625 0.453125
1 0.88359375 0.30625 0.2328125 0.6125
1 0.1796875 0.3796875 0.090625 0.121875
1 0.371875 0.35625 0.15 0.2046875
1 0.284375 0.37578125 0.0875 0.1296875
1 0.10859375 0.43515625 0.2171875 0.3828125
1 0.48515625 0.5828125 0.2359375 0.5109375
1 0.87890625 0.64921875 0.2421875 0.6078125
1 0.2921875 0.715625 0.253125 0.56875
1 0.13984375 0.7328125 0.2796875 0.534375
1 0.59609375 0.06953125 0.1390625 0.1390625
1 0.7109375 0.76953125 0.2171875 0.353125
1 0.65703125 0.88671875 0.234375 0.2171875
1 0.8453125 0.875 0.2375 0.1890625
1 0.96640625 0.8640625 0.0671875 0.153125