1 0.1078125 0.61328125 0.0453125 0.0453125
1 0.65078125 0.62421875 0.04375 0.0515625
1 0.2296875 0.7015625 0.05625 0.1390625
1 0.90546875 0.73671875 0.059375 0.23125
1 0.26640625 0.75703125 0.059375 0.2859375
1 0.67734375 0.771875 0.10625 0.340625
1 0.6359375 0.77265625 0.11875 0.353125
1 0.35859375 0.76875 0.0671875 0.3046875
1 0.4625 0.77578125 0.078125 0.3625
1 0.29140625 0.7734375 0.1015625 0.3390625
1 0.41953125 0.77890625 0.1109375 0.34375
1 0.75078125 0.7890625 0.078125 0.35625
1 0.8546875 0.79375 0.090625 0.3765625
1 0.5234375 0.7890625 0.1546875 0.3875
1 0.91484375 0.79765625 0.1046875 0.365625
1 0.80078125 0.803125 0.1140625 0.3703125
1 0.95078125 0.8109375 0.09375 0.35625