1 0.809375 0.615625 0.0203125 0.046875
1 0.8265625 0.615625 0.0234375 0.053125
1 0.9609375 0.6609375 0.0765625 0.1296875
1 0.7 0.70078125 0.046875 0.1
1 0.5546875 0.7515625 0.0265625 0.0796875
1 0.5828125 0.75390625 0.025 0.090625
1 0.57265625 0.75859375 0.0234375 0.0859375
1 0.2296875 0.83515625 0.0140625 0.0234375
1 0.2234375 0.84140625 0.0375 0.075
1 0.19140625 0.84921875 0.0140625 0.025
1 0.2671875 0.8421875 0.0359375 0.090625
1 0.22890625 0.8671875 0.0109375 0.0296875
1 0.8234375 0.7921875 0.03125 0.1171875
1 0.8390625 0.80078125 0.034375 0.1
1 0.36484375 0.88359375 0.0421875 0.1046875