1 0.95234375 0.2359375 0.0140625 0.046875
1 0.928125 0.24296875 0.0375 0.0453125
1 0.93359375 0.275 0.021875 0.0484375
1 0.6578125 0.3140625 0.0203125 0.0359375
1 0.72109375 0.3078125 0.0234375 0.028125
1 0.96875 0.28203125 0.01875 0.03125
1 0.634375 0.31875 0.025 0.03125
1 0.6859375 0.31640625 0.021875 0.0375
1 0.7 0.3234375 0.0203125 0.034375
1 0.71953125 0.33125 0.0265625 0.0375
1 0.59140625 0.34921875 0.0234375 0.0265625
1 0.6609375 0.3421875 0.0234375 0.03125
1 0.6359375 0.35 0.021875 0.028125
1 0.97578125 0.321875 0.021875 0.04375
1 0.57890625 0.365625 0.0171875 0.03125
1 0.615625 0.36171875 0.0234375 0.03125
1 0.94765625 0.33046875 0.0234375 0.0453125
1 0.690625 0.36328125 0.0328125 0.0609375
1 0.5734375 0.37890625 0.0203125 0.034375
1 0.59296875 0.378125 0.0171875 0.03125
1 0.71875 0.36484375 0.0296875 0.0484375
1 0.63671875 0.37421875 0.0234375 0.0296875
1 0.55 0.3859375 0.028125 0.0484375
1 0.6578125 0.378125 0.028125 0.0296875
1 0.74296875 0.37421875 0.0234375 0.028125
1 0.57578125 0.3984375 0.021875 0.03125
1 0.66640625 0.39296875 0.0234375 0.0296875
1 0.5328125 0.4078125 0.025 0.046875
1 0.715625 0.39375 0.021875 0.0296875
1 0.96328125 0.36796875 0.0234375 0.0390625
1 0.5703125 0.4140625 0.025 0.0296875
1 0.640625 0.41015625 0.0203125 0.0359375
1 0.52578125 0.425 0.025 0.040625
1 0.7453125 0.40390625 0.0125 0.0296875
1 0.4875 0.43125 0.0171875 0.040625
1 0.61953125 0.41953125 0.01875 0.028125
1 0.47265625 0.43828125 0.028125 0.0265625
1 0.50703125 0.43828125 0.028125 0.03125
1 0.56171875 0.4375 0.0125 0.021875
1 0.52734375 0.4453125 0.0234375 0.0296875
1 0.67890625 0.43125 0.021875 0.0296875
1 0.5453125 0.446875 0.0234375 0.040625
1 0.48359375 0.4578125 0.0140625 0.021875
1 0.5953125 0.44609375 0.0296875 0.0421875
1 0.65546875 0.4421875 0.021875 0.03125
1 0.54453125 0.4625 0.0265625 0.021875
1 0.634375 0.453125 0.025 0.0390625
1 0.5265625 0.46484375 0.025 0.0375
1 0.725 0.44375 0.021875 0.03125
1 0.68203125 0.453125 0.025 0.040625
1 0.55703125 0.4703125 0.0234375 0.0296875
1 0.66796875 0.459375 0.0265625 0.0375
1 0.70859375 0.45625 0.0265625 0.0296875
1 0.51015625 0.48203125 0.0234375 0.0265625
1 0.540625 0.4796875 0.0234375 0.028125
1 0.51953125 0.48984375 0.0296875 0.0265625
1 0.10234375 0.54609375 0.0296875 0.0265625
1 0.059375 0.55625 0.0203125 0.03125
1 0.3046875 0.5375 0.025 0.040625
1 0.6125 0.5078125 0.0171875 0.028125
1 0.28984375 0.54609375 0.015625 0.028125
1 0.09140625 0.57890625 0.03125 0.065625
1 0.36640625 0.559375 0.0953125 0.23125
1 0.14609375 0.6015625 0.0625 0.1703125
1 0.01796875 0.61875 0.0328125 0.1703125
1 0.0484375 0.61796875 0.0609375 0.1625
1 0.2625 0.60390625 0.0453125 0.1328125
1 0.58671875 0.57421875 0.109375 0.2625
1 0.68125 0.5671875 0.046875 0.1859375
1 0.53828125 0.58359375 0.0625 0.1796875
1 0.2 0.6203125 0.1546875 0.46875
1 0.71953125 0.56640625 0.0453125 0.1890625
1 0.6578125 0.578125 0.0453125 0.1828125
1 0.97109375 0.5515625 0.0578125 0.30625
1 0.1203125 0.64296875 0.0828125 0.1671875
1 0.84453125 0.571875 0.3109375 0.803125
1 0.45390625 0.61953125 0.146875 0.428125
1 0.33046875 0.66015625 0.11875 0.2375