1 0.09921875 0.5515625 0.1984375 0.896875
1 0.66484375 0.528125 0.059375 0.14375
1 0.37890625 0.55703125 0.046875 0.0890625
1 0.9703125 0.51328125 0.0234375 0.05
1 0.31171875 0.60859375 0.0609375 0.165625
1 0.23125 0.62109375 0.0890625 0.2859375
1 0.93359375 0.5671875 0.1328125 0.284375
1 0.4578125 0.68125 0.1125 0.35
1 0.615625 0.68125 0.0828125 0.3875
1 0.153125 0.72734375 0.2125 0.5453125
1 0.753125 0.7 0.115625 0.44375
1 0.6609375 0.72421875 0.1765625 0.5140625
1 0.54296875 0.7375 0.1625 0.515625
1 0.39296875 0.75078125 0.13125 0.4671875
1 0.8703125 0.709375 0.259375 0.5125
1 0.28828125 0.76953125 0.146875 0.453125