1 0.2828125 0.42578125 0.0265625 0.071875
1 0.2578125 0.43359375 0.0265625 0.059375
1 0.796875 0.52890625 0.034375 0.1109375
1 0.7875 0.528125 0.0296875 0.0609375
1 0.05625 0.3984375 0.034375 0.078125
1 0.609375 0.50625 0.028125 0.0859375
1 0.59921875 0.50625 0.028125 0.090625
1 0.3328125 0.459375 0.0265625 0.0859375
1 0.675 0.521875 0.040625 0.0953125
1 0.14765625 0.4375 0.040625 0.1078125
1 0.41015625 0.484375 0.0515625 0.115625
1 0.528125 0.50625 0.0421875 0.1171875
1 0.5015625 0.50234375 0.053125 0.1125
1 0.16171875 0.44296875 0.0421875 0.1125
1 0.0703125 0.428125 0.0375 0.090625
1 0.33203125 0.475 0.0484375 0.1140625
1 0.62265625 0.53046875 0.0515625 0.1671875
1 0.871875 0.57421875 0.0671875 0.1640625
1 0.29453125 0.47265625 0.0515625 0.1328125
1 0.7296875 0.553125 0.0515625 0.140625
1 0.42109375 0.50234375 0.0765625 0.1109375
1 0.69453125 0.5546875 0.046875 0.1484375
1 0.815625 0.5875 0.084375 0.20625
1 0.128125 0.4703125 0.071875 0.196875
1 0.03828125 0.45703125 0.0765625 0.1953125
1 0.6421875 0.56796875 0.084375 0.228125
1 0.09765625 0.47734375 0.1 0.2203125
1 0.24375 0.515625 0.0921875 0.171875
1 0.1859375 0.50625 0.1109375 0.2296875
1 0.93671875 0.6640625 0.1265625 0.35
1 0.75234375 0.63515625 0.1453125 0.3265625