1 0.53125 0.3140625 0.13125 0.23125
1 0.3234375 0.3015625 0.140625 0.278125
1 0.16328125 0.2953125 0.1859375 0.2734375
1 0.7 0.36484375 0.1109375 0.2515625
1 0.61953125 0.35703125 0.11875 0.2484375
1 0.259375 0.33828125 0.165625 0.303125
1 0.7484375 0.4046875 0.121875 0.2125
1 0.39296875 0.3734375 0.1359375 0.3375
1 0.69453125 0.5140625 0.0625 0.140625
1 0.8609375 0.65078125 0.278125 0.5671875
1 0.52890625 0.6375 0.2140625 0.65625
1 0.42109375 0.63359375 0.2140625 0.671875
1 0.759375 0.7140625 0.221875 0.484375
1 0.61796875 0.696875 0.175 0.525
1 0.28515625 0.66796875 0.2171875 0.528125
1 0.0859375 0.6453125 0.171875 0.54375
1 0.18671875 0.671875 0.2109375 0.53125
1 0.878125 0.77734375 0.19375 0.328125