1 0.77890625 0.67734375 0.0171875 0.046875
1 0.7953125 0.68125 0.0203125 0.053125
1 0.91796875 0.753125 0.06875 0.125
1 0.65390625 0.73828125 0.040625 0.0984375
1 0.50078125 0.7578125 0.021875 0.0796875
1 0.528125 0.765625 0.01875 0.0890625
1 0.5171875 0.76796875 0.0171875 0.084375
1 0.16640625 0.771875 0.0125 0.021875
1 0.15859375 0.7765625 0.0328125 0.0734375
1 0.12578125 0.77734375 0.0125 0.0234375
1 0.2015625 0.7859375 0.0296875 0.0890625
1 0.15859375 0.80234375 0.009375 0.028125
1 0.75546875 0.853125 0.0234375 0.1171875
1 0.76875 0.86484375 0.0265625 0.1
1 0.2875 0.846875 0.0359375 0.103125