1 0.75546875 0.31796875 0.08125 0.15625
1 0.8140625 0.3203125 0.065625 0.0640625
1 0.4234375 0.378125 0.0796875 0.1578125
1 0.540625 0.38046875 0.065625 0.0765625
1 0.6953125 0.3765625 0.10625 0.1234375
1 0.29921875 0.4359375 0.071875 0.1125
1 0.71640625 0.47109375 0.0859375 0.0890625
1 0.58828125 0.4890625 0.0859375 0.209375
1 0.4921875 0.50390625 0.1390625 0.440625
1 0.11328125 0.55703125 0.11875 0.190625
1 0.19453125 0.56015625 0.071875 0.1328125
1 0.890625 0.54921875 0.171875 0.4796875
1 0.28828125 0.58515625 0.1375 0.346875
1 0.415625 0.6140625 0.1609375 0.4375
1 0.8046875 0.6484375 0.1453125 0.3421875
1 0.1921875 0.67109375 0.1390625 0.225
1 0.71328125 0.69140625 0.13125 0.325
1 0.534375 0.7171875 0.1375 0.2828125
1 0.1015625 0.74140625 0.115625 0.2625
1 0.19296875 0.8 0.1515625 0.2265625
1 0.4390625 0.84609375 0.346875 0.3078125
1 0.40390625 0.8609375 0.2171875 0.278125
1 0.2453125 0.89765625 0.13125 0.2046875
1 0.1671875 0.9109375 0.15625 0.178125