1 0.30390625 0.40390625 0.109375 0.2140625
1 0.6625 0.45234375 0.1265625 0.25
1 0.8921875 0.48046875 0.1625 0.309375
1 0.771875 0.47734375 0.146875 0.259375
1 0.08125 0.49140625 0.1625 0.5671875
1 0.18515625 0.509375 0.15625 0.5265625
1 0.2921875 0.5484375 0.1609375 0.5453125
1 0.42578125 0.5703125 0.1625 0.565625
1 0.54765625 0.59375 0.1484375 0.53125
1 0.10234375 0.5984375 0.1828125 0.484375
1 0.3734375 0.64765625 0.175 0.490625
1 0.2328125 0.63515625 0.1703125 0.4328125
1 0.63359375 0.6890625 0.165625 0.440625
1 0.75546875 0.71015625 0.175 0.4640625
1 0.5 0.6875 0.1828125 0.4515625
1 0.86171875 0.7390625 0.1734375 0.4