1 0.81640625 0.52265625 0.01875 0.0703125
1 0.48046875 0.50546875 0.025 0.053125
1 0.84765625 0.528125 0.0296875 0.0953125
1 0.8234375 0.52890625 0.028125 0.065625
1 0.2 0.496875 0.0171875 0.078125
1 0.7796875 0.53046875 0.0359375 0.08125
1 0.0640625 0.49296875 0.0234375 0.06875
1 0.0546875 0.49296875 0.03125 0.0671875
1 0.31640625 0.521875 0.0921875 0.24375
1 0.95859375 0.57265625 0.0828125 0.2484375
1 0.73125 0.56328125 0.09375 0.29375
1 0.45390625 0.55078125 0.0859375 0.2125
1 0.0234375 0.54609375 0.046875 0.3515625
1 0.59921875 0.5765625 0.096875 0.33125
1 0.39375 0.56640625 0.109375 0.3078125
1 0.31015625 0.565625 0.1359375 0.34375
1 0.51484375 0.5828125 0.1109375 0.3671875
1 0.13359375 0.575 0.1265625 0.440625