1 0.0953125 0.5484375 0.190625 0.903125
1 0.6640625 0.53046875 0.0578125 0.14375
1 0.378125 0.5546875 0.0453125 0.0890625
1 0.96953125 0.52109375 0.0234375 0.05
1 0.31015625 0.6046875 0.059375 0.165625
1 0.2296875 0.61640625 0.0828125 0.2859375
1 0.93359375 0.57421875 0.1328125 0.2828125
1 0.4546875 0.68046875 0.10625 0.35
1 0.6125 0.68359375 0.0765625 0.3875
1 0.1484375 0.725 0.203125 0.55
1 0.74921875 0.70390625 0.1078125 0.44375
1 0.65703125 0.72734375 0.16875 0.5125
1 0.53828125 0.73828125 0.153125 0.5140625
1 0.3890625 0.74921875 0.1234375 0.465625
1 0.8703125 0.715625 0.259375 0.509375
1 0.28359375 0.765625 0.1390625 0.453125