1 0.27265625 0.46875 0.015625 0.0703125
1 0.25 0.48125 0.0171875 0.0578125
1 0.796875 0.47109375 0.0171875 0.1109375
1 0.7875 0.47265625 0.021875 0.0578125
1 0.0453125 0.48515625 0.0234375 0.075
1 0.60859375 0.4859375 0.0140625 0.0859375
1 0.5984375 0.4875 0.015625 0.090625
1 0.328125 0.4921875 0.0125 0.0859375
1 0.6765625 0.48828125 0.0265625 0.0921875
1 0.1421875 0.50625 0.025 0.1046875
1 0.40859375 0.5015625 0.034375 0.1125
1 0.52890625 0.50078125 0.0234375 0.115625
1 0.50234375 0.50234375 0.0375 0.1078125
1 0.15703125 0.50859375 0.025 0.1109375
1 0.0640625 0.51171875 0.0234375 0.0875
1 0.33046875 0.5078125 0.03125 0.1109375
1 0.62578125 0.50625 0.0265625 0.165625
1 0.87890625 0.50234375 0.0421875 0.1609375
1 0.29296875 0.5125 0.03125 0.1296875
1 0.73515625 0.50859375 0.03125 0.1375
1 0.42265625 0.51796875 0.0625 0.103125
1 0.70078125 0.5171875 0.025 0.1484375
1 0.8265625 0.52578125 0.053125 0.2015625
1 0.1296875 0.54140625 0.04375 0.1921875
1 0.0375 0.546875 0.05 0.190625
1 0.65234375 0.53984375 0.05 0.2234375
1 0.10078125 0.5546875 0.06875 0.2140625
1 0.2515625 0.56484375 0.0671875 0.1640625
1 0.19296875 0.56640625 0.0765625 0.221875
1 0.9609375 0.578125 0.078125 0.34375
1 0.7734375 0.584375 0.096875 0.315625