1 0.78515625 0.3703125 0.1 0.1625
1 0.84296875 0.38359375 0.0734375 0.071875
1 0.44765625 0.365625 0.0984375 0.165625
1 0.5625 0.390625 0.0734375 0.0828125
1 0.71484375 0.41640625 0.11875 0.134375
1 0.31484375 0.3984375 0.084375 0.1203125
1 0.71796875 0.51328125 0.0953125 0.0984375
1 0.58828125 0.50625 0.1109375 0.2171875
1 0.49140625 0.50234375 0.190625 0.45
1 0.109375 0.4828125 0.140625 0.203125
1 0.1890625 0.50078125 0.0875 0.1390625
1 0.87421875 0.62265625 0.2265625 0.4921875
1 0.27578125 0.54296875 0.1765625 0.3578125
1 0.3953125 0.59609375 0.2125 0.45
1 0.77109375 0.703125 0.184375 0.3546875
1 0.165625 0.609375 0.1640625 0.2375
1 0.67265625 0.728125 0.16875 0.3359375
1 0.4921875 0.71953125 0.16875 0.2953125
1 0.06796875 0.66015625 0.1359375 0.2734375
1 0.14140625 0.7359375 0.1765625 0.2421875
1 0.37421875 0.82734375 0.3796875 0.3453125
1 0.3359375 0.83984375 0.2484375 0.3078125
1 0.1734375 0.84765625 0.1546875 0.228125
1 0.09375 0.846875 0.178125 0.209375