1 0.2984375 0.41796875 0.096875 0.209375
1 0.659375 0.44140625 0.1109375 0.24375
1 0.88984375 0.453125 0.14375 0.3015625
1 0.76953125 0.45859375 0.1296875 0.253125
1 0.071875 0.52109375 0.14375 0.5609375
1 0.1859375 0.53125 0.1203125 0.521875
1 0.29609375 0.5625 0.1234375 0.540625
1 0.43125 0.575 0.1234375 0.5625
1 0.55390625 0.58984375 0.1125 0.528125
1 0.11015625 0.6265625 0.15 0.4765625
1 0.384375 0.65625 0.1421875 0.484375
1 0.24296875 0.65390625 0.140625 0.4265625
1 0.64609375 0.6796875 0.1359375 0.434375
1 0.76953125 0.69140625 0.1453125 0.4578125
1 0.51328125 0.6875 0.153125 0.44375
1 0.87734375 0.71328125 0.1484375 0.3921875