1 0.9734375 0.27578125 0.009375 0.046875
1 0.9484375 0.28125 0.0328125 0.0421875
1 0.9515625 0.3140625 0.01875 0.046875
1 0.6734375 0.328125 0.0171875 0.034375
1 0.73671875 0.328125 0.0203125 0.0265625
1 0.9859375 0.3234375 0.0171875 0.0296875
1 0.64921875 0.33125 0.0234375 0.0296875
1 0.70078125 0.3328125 0.01875 0.0359375
1 0.71484375 0.34140625 0.0171875 0.034375
1 0.73359375 0.3515625 0.0234375 0.0359375
1 0.6046875 0.3578125 0.021875 0.025
1 0.67421875 0.35703125 0.021875 0.0296875
1 0.6484375 0.3625 0.01875 0.0265625
1 0.9890625 0.3640625 0.0171875 0.0421875
1 0.58984375 0.37265625 0.015625 0.0296875
1 0.62734375 0.371875 0.0203125 0.0296875
1 0.9609375 0.3703125 0.01875 0.04375
1 0.7015625 0.3796875 0.028125 0.0578125
1 0.58359375 0.3859375 0.0171875 0.034375
1 0.603125 0.38671875 0.015625 0.0296875
1 0.7296875 0.384375 0.0265625 0.0453125
1 0.646875 0.38671875 0.0203125 0.028125
1 0.56015625 0.39140625 0.0234375 0.046875
1 0.66796875 0.3921875 0.025 0.0265625
1 0.753125 0.3953125 0.0203125 0.0265625
1 0.584375 0.40546875 0.01875 0.0296875
1 0.675 0.4078125 0.0203125 0.028125
1 0.540625 0.4109375 0.021875 0.0453125
1 0.72421875 0.41328125 0.01875 0.028125
1 0.97265625 0.40859375 0.0203125 0.0375
1 0.57734375 0.4203125 0.0234375 0.028125
1 0.64765625 0.42265625 0.0171875 0.034375
1 0.53203125 0.42734375 0.0203125 0.0390625
1 0.75234375 0.425 0.0109375 0.028125
1 0.49296875 0.43046875 0.0125 0.0390625
1 0.62578125 0.43046875 0.0171875 0.0265625
1 0.478125 0.4359375 0.025 0.025
1 0.5125 0.4390625 0.025 0.028125
1 0.5671875 0.44296875 0.0109375 0.0203125
1 0.53203125 0.44765625 0.021875 0.028125
1 0.684375 0.446875 0.01875 0.028125
1 0.55 0.45078125 0.01875 0.0390625
1 0.4875 0.45625 0.0125 0.0203125
1 0.6 0.4546875 0.025 0.0390625
1 0.66015625 0.45546875 0.01875 0.0296875
1 0.54765625 0.46640625 0.025 0.01875
1 0.6375 0.46484375 0.021875 0.0375
1 0.52890625 0.4671875 0.021875 0.0359375
1 0.72890625 0.4640625 0.01875 0.0296875
1 0.68515625 0.46953125 0.021875 0.0390625
1 0.559375 0.47578125 0.021875 0.028125
1 0.6703125 0.47421875 0.0234375 0.0359375
1 0.7109375 0.47421875 0.0234375 0.028125
1 0.51171875 0.4828125 0.0203125 0.025
1 0.5421875 0.48359375 0.0203125 0.0265625
1 0.5203125 0.4921875 0.028125 0.025
1 0.1 0.51171875 0.0265625 0.025
1 0.05625 0.51796875 0.0171875 0.0296875
1 0.3015625 0.5203125 0.0203125 0.0390625
1 0.6109375 0.51796875 0.015625 0.0265625
1 0.28671875 0.528125 0.0125 0.0265625
1 0.0859375 0.54296875 0.0265625 0.0640625
1 0.36171875 0.54765625 0.0765625 0.2265625
1 0.1390625 0.5703125 0.0484375 0.1671875
1 0.009375 0.5765625 0.01875 0.1703125
1 0.03984375 0.578125 0.046875 0.159375
1 0.2546875 0.5828125 0.0328125 0.1296875
1 0.5796875 0.58125 0.0875 0.25625
1 0.675 0.5828125 0.03125 0.184375
1 0.53125 0.58671875 0.046875 0.1765625
1 0.190625 0.59375 0.115625 0.4609375
1 0.71328125 0.58515625 0.0296875 0.1875
1 0.65 0.5921875 0.0296875 0.18125
1 0.975 0.59375 0.05 0.303125
1 0.109375 0.609375 0.06875 0.1625
1 0.84765625 0.603125 0.265625 0.784375
1 0.44375 0.61484375 0.1109375 0.421875
1 0.3171875 0.64453125 0.1 0.23125