1 0.24453125 0.5828125 0.084375 0.2984375
1 0.578125 0.609375 0.1078125 0.253125
1 0.5140625 0.615625 0.1046875 0.2453125
1 0.03828125 0.61015625 0.0765625 0.2109375
1 0.83828125 0.6359375 0.0171875 0.075
1 0.72265625 0.6359375 0.0625 0.20625
1 0.63125 0.63671875 0.0703125 0.196875
1 0.8765625 0.64296875 0.025 0.190625
1 0.490625 0.63671875 0.028125 0.209375
1 0.6828125 0.6421875 0.0703125 0.2
1 0.11953125 0.64765625 0.0359375 0.134375
1 0.09609375 0.6484375 0.025 0.14375
1 0.91953125 0.6640625 0.0546875 0.1671875
1 0.1578125 0.6515625 0.034375 0.13125
1 0.05625 0.6515625 0.025 0.1484375
1 0.85625 0.671875 0.034375 0.165625
1 0.27578125 0.67109375 0.0359375 0.175
1 0.8125 0.7 0.0265625 0.0890625