1 0.2546875 0.609375 0.1046875 0.303125
1 0.5890625 0.60078125 0.125 0.259375
1 0.5265625 0.6140625 0.1203125 0.2515625
1 0.05078125 0.6578125 0.0953125 0.215625
1 0.85078125 0.59921875 0.0234375 0.075
1 0.7359375 0.61171875 0.0765625 0.209375
1 0.64453125 0.621875 0.0828125 0.2015625
1 0.8890625 0.603125 0.0390625 0.190625
1 0.5046875 0.63671875 0.0421875 0.209375
1 0.696875 0.62265625 0.084375 0.203125
1 0.13671875 0.6859375 0.0453125 0.1359375
1 0.11328125 0.68984375 0.034375 0.1453125
1 0.934375 0.61953125 0.0671875 0.1703125
1 0.175 0.68671875 0.04375 0.1328125
1 0.07421875 0.696875 0.034375 0.15
1 0.87265625 0.63359375 0.046875 0.1671875
1 0.2953125 0.69375 0.0484375 0.1765625
1 0.83125 0.66640625 0.0328125 0.090625