1 0.125 0.66015625 0.0484375 0.05
1 0.66484375 0.60546875 0.046875 0.0546875
1 0.25625 0.7328125 0.06875 0.14375
1 0.93125 0.6859375 0.0796875 0.234375
1 0.3 0.78359375 0.084375 0.2890625
1 0.709375 0.7484375 0.134375 0.3484375
1 0.66796875 0.75390625 0.1484375 0.3609375
1 0.3921875 0.78359375 0.09375 0.309375
1 0.49609375 0.778125 0.1078125 0.3671875
1 0.3265625 0.796875 0.1296875 0.3453125
1 0.45390625 0.78671875 0.140625 0.3515625
1 0.78359375 0.75625 0.109375 0.3609375
1 0.8875 0.7484375 0.1234375 0.38125
1 0.5578125 0.78359375 0.1875 0.3984375
1 0.93984375 0.7453125 0.1203125 0.371875
1 0.8359375 0.7640625 0.1453125 0.3765625
1 0.96171875 0.753125 0.0765625 0.3625