1 0.3609375 0.778125 0.053125 0.1953125
1 0.43046875 0.79609375 0.0546875 0.2
1 0.4640625 0.8046875 0.059375 0.184375
1 0.22578125 0.78046875 0.1375 0.365625
1 0.59765625 0.834375 0.0640625 0.2015625
1 0.8140625 0.8703125 0.1 0.259375
1 0.3859375 0.82578125 0.0734375 0.2875
1 0.65703125 0.8640625 0.0921875 0.271875
1 0.8328125 0.875 0.090625 0.25
1 0.85859375 0.87734375 0.0890625 0.2453125
1 0.90390625 0.88359375 0.0921875 0.2328125
1 0.72890625 0.8828125 0.078125 0.215625
1 0.55 0.85859375 0.1140625 0.28125