1 0.36796875 0.53203125 0.03125 0.0765625
1 0.33984375 0.5328125 0.0453125 0.075
1 0.3484375 0.534375 0.03125 0.0703125
1 0.32578125 0.53125 0.03125 0.0703125
1 0.20546875 0.5125 0.0328125 0.0765625
1 0.171875 0.5078125 0.03125 0.0703125
1 0.35234375 0.53671875 0.05 0.0828125
1 0.14296875 0.50546875 0.034375 0.075
1 0.15546875 0.50859375 0.059375 0.08125
1 0.18671875 0.5140625 0.0671875 0.084375
1 0.32578125 0.5359375 0.0703125 0.0859375
1 0.30703125 0.534375 0.0390625 0.075
1 0.25390625 0.55546875 0.0578125 0.125