1 0.3953125 0.79296875 0.0296875 0.19375
1 0.4671875 0.80234375 0.03125 0.1984375
1 0.5015625 0.80703125 0.0390625 0.1828125
1 0.26171875 0.81171875 0.0953125 0.3578125
1 0.6375 0.81953125 0.040625 0.1984375
1 0.85859375 0.84375 0.0671875 0.2828125
1 0.42578125 0.83671875 0.0390625 0.2859375
1 0.70078125 0.84453125 0.059375 0.2734375
1 0.878125 0.84765625 0.0578125 0.278125
1 0.9046875 0.85 0.05625 0.28125
1 0.95078125 0.85390625 0.059375 0.2734375
1 0.7734375 0.8515625 0.053125 0.2109375
1 0.59296875 0.85 0.08125 0.275