1 0.76171875 0.34375 0.021875 0.04375
1 0.03515625 0.3859375 0.0203125 0.0359375
1 0.665625 0.3765625 0.0265625 0.059375
1 0.53515625 0.384375 0.028125 0.0421875
1 0.78203125 0.37578125 0.025 0.0453125
1 0.5515625 0.390625 0.021875 0.0328125
1 0.90703125 0.38515625 0.040625 0.065625
1 0.37734375 0.4859375 0.078125 0.284375
1 0.4359375 0.484375 0.0625 0.2390625
1 0.3171875 0.51796875 0.121875 0.3171875
1 0.5 0.5125 0.109375 0.3421875
1 0.56875 0.528125 0.0921875 0.35625
1 0.64140625 0.53828125 0.1265625 0.396875
1 0.07421875 0.58515625 0.1484375 0.6109375
1 0.85 0.56171875 0.1390625 0.453125
1 0.73984375 0.57421875 0.14375 0.478125
1 0.92578125 0.6484375 0.1484375 0.659375
1 0.89375 0.69609375 0.1 0.309375