1 0.77421875 0.3671875 0.021875 0.04375
1 0.046875 0.3453125 0.0203125 0.0359375
1 0.67578125 0.39140625 0.028125 0.059375
1 0.5453125 0.38828125 0.028125 0.0421875
1 0.79140625 0.40078125 0.025 0.046875
1 0.5609375 0.3953125 0.021875 0.0328125
1 0.915625 0.42109375 0.0421875 0.0671875
1 0.37890625 0.47578125 0.0828125 0.2859375
1 0.4375 0.47890625 0.065625 0.2390625
1 0.31640625 0.50234375 0.1265625 0.31875
1 0.4984375 0.5125 0.115625 0.3421875
1 0.56640625 0.53359375 0.0984375 0.35625
1 0.6375 0.55 0.1328125 0.3984375
1 0.0734375 0.546875 0.146875 0.6125
1 0.84296875 0.5921875 0.146875 0.4546875
1 0.73203125 0.5953125 0.1515625 0.4796875
1 0.915625 0.67734375 0.16875 0.6453125
1 0.875 0.7296875 0.1046875 0.3109375