1 0.378125 0.55859375 0.0234375 0.075
1 0.35 0.565625 0.0390625 0.0734375
1 0.35859375 0.565625 0.0234375 0.06875
1 0.3359375 0.56640625 0.025 0.06875
1 0.2140625 0.5734375 0.025 0.075
1 0.18125 0.5765625 0.0234375 0.0703125
1 0.36328125 0.56640625 0.0421875 0.0796875
1 0.15234375 0.57890625 0.0265625 0.0734375
1 0.16484375 0.58046875 0.0515625 0.0765625
1 0.196875 0.578125 0.0609375 0.0796875
1 0.33671875 0.57109375 0.0640625 0.0796875
1 0.31875 0.5734375 0.0328125 0.0734375
1 0.27109375 0.60546875 0.0453125 0.1234375