1 0.86328125 0.25859375 0.103125 0.1640625
1 0.9359375 0.284375 0.128125 0.271875
1 0.753125 0.2953125 0.128125 0.228125
1 0.36015625 0.26171875 0.1578125 0.3125
1 0.05546875 0.2796875 0.1015625 0.290625
1 0.5890625 0.3640625 0.1609375 0.359375
1 0.7796875 0.0625 0.084375 0.0859375
1 0.46328125 0.4015625 0.209375 0.4234375
1 0.13984375 0.3765625 0.1359375 0.2421875
1 0.6453125 0.44765625 0.134375 0.2171875
1 0.95390625 0.5 0.0921875 0.284375
1 0.30234375 0.4640625 0.2078125 0.4015625
1 0.8875 0.5375 0.1984375 0.4046875
1 0.5484375 0.0546875 0.090625 0.109375
1 0.6640625 0.06640625 0.1015625 0.115625
1 0.8984375 0.0984375 0.0828125 0.1375
1 0.20546875 0.05390625 0.0765625 0.1078125
1 0.765625 0.74375 0.315625 0.5125
1 0.28828125 0.7203125 0.2734375 0.490625
1 0.159375 0.709375 0.31875 0.54375
1 0.559375 0.76875 0.26875 0.4625
1 0.9046875 0.80625 0.171875 0.3875
1 0.98984375 0.12421875 0.0203125 0.1390625
1 0.39453125 0.81484375 0.3390625 0.3703125
1 0.30859375 0.0796875 0.0953125 0.159375
1 0.146875 0.0796875 0.078125 0.159375
1 0.42578125 0.11484375 0.1828125 0.2296875
1 0.06171875 0.0828125 0.0671875 0.165625
1 0.67265625 0.19765625 0.0875 0.1515625
1 0.53671875 0.18984375 0.0984375 0.1984375