1 0.875 0.278125 0.1109375 0.1671875
1 0.93828125 0.30859375 0.1234375 0.2765625
1 0.76328125 0.309375 0.1390625 0.23125
1 0.37265625 0.2546875 0.1734375 0.3171875
1 0.06796875 0.25703125 0.115625 0.29375
1 0.59609375 0.36875 0.178125 0.3640625
1 0.80234375 0.078125 0.0890625 0.0890625
1 0.46796875 0.4 0.2296875 0.43125
1 0.146875 0.3578125 0.146875 0.246875
1 0.64765625 0.45546875 0.14375 0.2234375
1 0.95 0.5234375 0.1 0.2875
1 0.3046875 0.45390625 0.2265625 0.4078125
1 0.884375 0.5578125 0.21875 0.4109375
1 0.571875 0.0578125 0.0953125 0.1140625
1 0.68671875 0.07578125 0.10625 0.1203125
1 0.91875 0.1203125 0.0890625 0.140625
1 0.23046875 0.046875 0.0828125 0.09375
1 0.75234375 0.74765625 0.3421875 0.5046875
1 0.27734375 0.709375 0.296875 0.5
1 0.16015625 0.68984375 0.3203125 0.5578125
1 0.5453125 0.76796875 0.290625 0.4640625
1 0.88671875 0.815625 0.1921875 0.36875
1 0.37734375 0.8078125 0.3546875 0.384375
1 0.33203125 0.07578125 0.1046875 0.1515625
1 0.16953125 0.07109375 0.0859375 0.1421875
1 0.446875 0.11484375 0.19375 0.2296875
1 0.084375 0.07265625 0.075 0.1453125
1 0.68828125 0.20703125 0.0953125 0.1546875
1 0.553125 0.1921875 0.1078125 0.2015625