1 0.840625 0.228125 0.090625 0.15625
1 0.93125 0.24609375 0.1375 0.26015625
1 0.734375 0.27421875 0.109375 0.21875
1 0.33984375 0.275 0.13203125 0.30234375
1 0.03828125 0.31953125 0.0765625 0.28515625
1 0.5765625 0.35703125 0.13046875 0.35
1 0.740625 0.03984375 0.078125 0.07890625
1 0.4546875 0.40546875 0.175 0.41015625
1 0.13046875 0.40859375 0.115625 0.23359375
1 0.63984375 0.43515625 0.11640625 0.20859375
1 0.959375 0.46015625 0.08046875 0.27890625
1 0.3 0.48125 0.175 0.3875
1 0.8890625 0.50390625 0.165625 0.39140625
1 0.509375 0.05234375 0.08203125 0.10390625
1 0.62578125 0.05390625 0.0921875 0.1078125
1 0.86171875 0.065625 0.07109375 0.13125
1 0.1671875 0.06640625 0.065625 0.1328125
1 0.78828125 0.7375 0.27109375 0.525
1 0.30859375 0.73828125 0.23359375 0.47265625
1 0.159375 0.740625 0.315625 0.51875
1 0.58359375 0.7703125 0.2296875 0.459375
1 0.93203125 0.790625 0.1359375 0.41875
1 0.97578125 0.08203125 0.0484375 0.13515625
1 0.42265625 0.825 0.309375 0.35
1 0.27265625 0.0875 0.08046875 0.175
1 0.11171875 0.10625 0.0640625 0.16640625
1 0.39296875 0.115625 0.1625 0.23125
1 0.02734375 0.121875 0.053125 0.16484375
1 0.6453125 0.18359375 0.075 0.14609375
1 0.509375 0.1875 0.08203125 0.19140625