1 0.3234375 0.20625 0.0578125 0.121875
1 0.728125 0.26640625 0.0546875 0.1390625
1 0.78046875 0.2796875 0.05625 0.1296875
1 0.35078125 0.24296875 0.046875 0.0796875
1 0.44140625 0.36015625 0.078125 0.1875
1 0.41484375 0.37109375 0.071875 0.1828125
1 0.37109375 0.36875 0.0734375 0.1828125
1 0.1640625 0.34140625 0.065625 0.10625
1 0.275 0.35859375 0.071875 0.171875
1 0.7484375 0.43359375 0.090625 0.1796875
1 0.103125 0.41015625 0.0765625 0.1765625
1 0.153125 0.45078125 0.071875 0.19375
1 0.22265625 0.46484375 0.0921875 0.1984375
1 0.38515625 0.50078125 0.046875 0.0703125
1 0.4015625 0.5171875 0.0296875 0.046875
1 0.42578125 0.0421875 0.03125 0.0625
1 0.4875 0.60859375 0.09375 0.190625
1 0.0359375 0.640625 0.071875 0.21875
1 0.1796875 0.77109375 0.1015625 0.2546875
1 0.1453125 0.80234375 0.134375 0.3125
1 0.24609375 0.059375 0.0390625 0.06875
1 0.71953125 0.175 0.0453125 0.0953125
1 0.78828125 0.19296875 0.0453125 0.090625
1 0.340625 0.13046875 0.046875 0.1125
1 0.2578125 0.12265625 0.05 0.1109375
1 0.3828125 0.1453125 0.0546875 0.1171875