1 0.74765625 0.23046875 0.0375 0.1015625
1 0.7953125 0.2640625 0.04375 0.1359375
1 0.34609375 0.25703125 0.05625 0.1546875
1 0.2984375 0.26328125 0.0515625 0.1375
1 0.73125 0.2984375 0.046875 0.0953125
1 0.26328125 0.33046875 0.075 0.175
1 0.2 0.33984375 0.0609375 0.1671875
1 0.234375 0.43984375 0.0625 0.1984375
1 0.74765625 0.47265625 0.0671875 0.2109375
1 0.25234375 0.453125 0.1078125 0.2265625
1 0.70078125 0.4796875 0.0609375 0.1875
1 0.28515625 0.46640625 0.0578125 0.1890625
1 0.88828125 0.51484375 0.0640625 0.1625
1 0.8328125 0.51171875 0.0703125 0.178125
1 0.13828125 0.51171875 0.0859375 0.24375
1 0.58984375 0.56953125 0.128125 0.178125
1 0.4984375 0.60859375 0.0703125 0.18125
1 0.71875 0.6671875 0.065625 0.134375
1 0.86484375 0.68125 0.0828125 0.259375
1 0.8109375 0.69140625 0.0734375 0.240625
1 0.0265625 0.6546875 0.053125 0.259375
1 0.44921875 0.728125 0.0625 0.1234375
1 0.9015625 0.79296875 0.096875 0.275
1 0.44296875 0.86640625 0.0890625 0.2640625
1 0.22109375 0.078125 0.0265625 0.0703125
1 0.29765625 0.9125 0.0859375 0.1578125
1 0.6140625 0.1234375 0.025 0.0734375
1 0.63515625 0.12890625 0.021875 0.0921875
1 0.6125 0.2015625 0.0390625 0.1171875