1 0.68828125 0.26171875 0.0359375 0.1484375
1 0.71484375 0.2640625 0.05625 0.1390625
1 0.22734375 0.25390625 0.0578125 0.1578125
1 0.31328125 0.2890625 0.065625 0.1640625
1 0.36015625 0.303125 0.05625 0.1703125
1 0.275 0.31328125 0.06875 0.1875
1 0.6546875 0.45859375 0.1 0.221875
1 0.59375 0.45859375 0.0734375 0.2109375
1 0.40625 0.521875 0.040625 0.0578125
1 0.4234375 0.0515625 0.03125 0.075
1 0.50234375 0.60703125 0.1015625 0.203125
1 0.78828125 0.64296875 0.0765625 0.2484375
1 0.853125 0.675 0.08125 0.2578125
1 0.40703125 0.05546875 0.0296875 0.0671875
1 0.1484375 0.63515625 0.071875 0.134375
1 0.73203125 0.7140625 0.10625 0.2671875
1 0.62265625 0.7296875 0.0890625 0.2984375
1 0.175 0.78671875 0.0921875 0.2671875
1 0.13671875 0.81328125 0.1015625 0.290625
1 0.3484375 0.07890625 0.0234375 0.0546875
1 0.303125 0.08359375 0.0609375 0.1296875
1 0.36484375 0.125 0.034375 0.10625
1 0.7046875 0.1609375 0.0546875 0.1046875
1 0.2390625 0.12734375 0.05625 0.1109375
1 0.75 0.18671875 0.065625 0.109375
1 0.325 0.1609375 0.046875 0.1125
1 0.2609375 0.15546875 0.0421875 0.0875
1 0.640625 0.2140625 0.0609375 0.1390625
1 0.67734375 0.21796875 0.0484375 0.1296875