1 0.29609375 0.234375 0.05625 0.090625
1 0.73828125 0.30546875 0.0609375 0.1546875
1 0.64921875 0.3 0.0734375 0.140625
1 0.82421875 0.33515625 0.0671875 0.1546875
1 0.28671875 0.290625 0.0625 0.10625
1 0.39140625 0.33125 0.0734375 0.1734375
1 0.32109375 0.35078125 0.0765625 0.1859375
1 0.20859375 0.3359375 0.0671875 0.121875
1 0.2859375 0.425 0.0875 0.1921875
1 0.24453125 0.47421875 0.0890625 0.2109375
1 0.1796875 0.465625 0.0953125 0.1984375
1 0.38515625 0.50859375 0.0453125 0.0765625
1 0.40546875 0.51796875 0.0359375 0.0625
1 0.48984375 0.60703125 0.0890625 0.184375
1 0.178125 0.74765625 0.0984375 0.2328125
1 0.14609375 0.8015625 0.1328125 0.3140625
1 0.25234375 0.06796875 0.0453125 0.1015625
1 0.334375 0.0921875 0.021875 0.0453125
1 0.4015625 0.10703125 0.03125 0.071875
1 0.71640625 0.178125 0.04375 0.1015625
1 0.36328125 0.13046875 0.04375 0.1171875
1 0.78359375 0.196875 0.05 0.0859375
1 0.30234375 0.1703125 0.05 0.1125