1 0.73125 0.24921875 0.0625 0.140625
1 0.71171875 0.24765625 0.1046875 0.159375
1 0.68671875 0.24375 0.0625 0.14375
1 0.7578125 0.2625 0.0578125 0.1375
1 0.6578125 0.2484375 0.0625 0.1453125
1 0.25703125 0.33359375 0.078125 0.175
1 0.38984375 0.50234375 0.0671875 0.071875
1 0.571875 0.59453125 0.1421875 0.1640625
1 0.84921875 0.646875 0.09375 0.225
1 0.48515625 0.6046875 0.09375 0.1828125
1 0.878125 0.68828125 0.0984375 0.2328125
1 0.7265625 0.73125 0.1203125 0.253125
1 0.65234375 0.72265625 0.1140625 0.2484375
1 0.4390625 0.75625 0.121875 0.265625
1 0.20390625 0.8359375 0.1078125 0.24375
1 0.27890625 0.0578125 0.040625 0.0875
1 0.3484375 0.08359375 0.034375 0.0640625
1 0.3890625 0.09375 0.040625 0.06875
1 0.3140625 0.08671875 0.0359375 0.0625
1 0.81171875 0.21640625 0.04375 0.1046875
1 0.78828125 0.21640625 0.0484375 0.10625