1 0.70390625 0.22578125 0.0484375 0.1375
1 0.684375 0.22734375 0.0890625 0.153125
1 0.65859375 0.22578125 0.0484375 0.1421875
1 0.73125 0.23671875 0.0453125 0.1359375
1 0.63046875 0.23359375 0.0484375 0.14375
1 0.24140625 0.359375 0.0609375 0.171875
1 0.390625 0.51328125 0.0625 0.065625
1 0.58203125 0.58671875 0.128125 0.1546875
1 0.8625 0.61015625 0.071875 0.221875
1 0.496875 0.60546875 0.0765625 0.1796875
1 0.8953125 0.64765625 0.0765625 0.228125
1 0.74921875 0.70625 0.096875 0.2484375
1 0.675 0.70546875 0.090625 0.24375
1 0.46640625 0.76171875 0.0953125 0.2609375
1 0.240625 0.86484375 0.084375 0.2390625
1 0.23359375 0.08359375 0.0328125 0.0859375
1 0.30546875 0.1015625 0.0296875 0.0625
1 0.34765625 0.1078125 0.034375 0.0671875
1 0.271875 0.1078125 0.03125 0.0609375
1 0.78046875 0.18515625 0.034375 0.1046875
1 0.75703125 0.18828125 0.0390625 0.1046875