1 0.19609375 0.47421875 0.0890625 0.178125
1 0.39609375 0.5375 0.0625 0.0671875
1 0.5578125 0.5421875 0.06875 0.1296875
1 0.61953125 0.559375 0.109375 0.1421875
1 0.51953125 0.6046875 0.0875 0.1828125
1 0.875 0.5546875 0.0984375 0.2296875
1 0.93984375 0.575 0.1203125 0.246875
1 0.51171875 0.77734375 0.1109375 0.25
1 0.70625 0.74921875 0.11875 0.2671875
1 0.78828125 0.74296875 0.128125 0.2703125
1 0.1453125 0.1515625 0.0390625 0.084375
1 0.2109375 0.15859375 0.03125 0.0609375
1 0.2640625 0.15390625 0.0375 0.0703125
1 0.69609375 0.13125 0.04375 0.1
1 0.615625 0.17421875 0.0578125 0.1359375
1 0.63359375 0.17109375 0.0984375 0.1484375
1 0.57265625 0.1828125 0.05625 0.13125
1 0.6578125 0.17109375 0.053125 0.128125
1 0.5421875 0.1921875 0.05625 0.1375