1 0.41328125 0.32890625 0.0484375 0.1546875
1 0.23828125 0.34609375 0.0453125 0.184375
1 0.2 0.3734375 0.05625 0.1703125
1 0.2875 0.3796875 0.05 0.1828125
1 0.18046875 0.5078125 0.05625 0.1921875
1 0.24140625 0.51171875 0.071875 0.2078125
1 0.4109375 0.53046875 0.0265625 0.046875
1 0.7640625 0.5296875 0.0796875 0.2109375
1 0.50546875 0.60859375 0.06875 0.178125
1 0.0375 0.64140625 0.0671875 0.2171875
1 0.090625 0.65390625 0.0734375 0.2296875
1 0.22109375 0.81640625 0.071875 0.278125
1 0.19609375 0.85390625 0.0984375 0.2921875
1 0.66328125 0.12578125 0.0359375 0.075
1 0.20390625 0.19296875 0.040625 0.1625
1 0.6640625 0.2 0.0375 0.11875
1 0.73984375 0.203125 0.0359375 0.1171875