1 0.8875 0.28046875 0.0796875 0.1609375
1 0.834375 0.2765625 0.071875 0.1828125
1 0.303125 0.2203125 0.0578125 0.1265625
1 0.34921875 0.22734375 0.0609375 0.15625
1 0.73125 0.28671875 0.05625 0.1046875
1 0.26875 0.33125 0.0875 0.1921875
1 0.23515625 0.334375 0.1203125 0.196875
1 0.215625 0.3390625 0.075 0.1703125
1 0.75859375 0.4421875 0.0796875 0.2015625
1 0.71171875 0.4390625 0.071875 0.1765625
1 0.08515625 0.4390625 0.0765625 0.178125
1 0.0453125 0.44140625 0.075 0.1765625
1 0.38984375 0.50703125 0.065625 0.0671875
1 0.16796875 0.4828125 0.0890625 0.2171875
1 0.24609375 0.49921875 0.08125 0.184375
1 0.828125 0.625 0.1 0.228125
1 0.5796875 0.5953125 0.14375 0.18125
1 0.8796875 0.64140625 0.0859375 0.221875
1 0.48828125 0.6078125 0.084375 0.184375
1 0.7671875 0.815625 0.1203125 0.2921875
1 0.70859375 0.81015625 0.0921875 0.2671875
1 0.88046875 0.84609375 0.1234375 0.278125
1 0.41796875 0.809375 0.1125 0.2765625
1 0.25546875 0.05234375 0.0515625 0.1046875
1 0.33046875 0.09140625 0.04375 0.0703125
1 0.6796875 0.165625 0.046875 0.10625
1 0.278125 0.153125 0.0421875 0.1109375