1 0.61875 0.21796875 0.0421875 0.125
1 0.65234375 0.2203125 0.0484375 0.1359375
1 0.31171875 0.25546875 0.0359375 0.1078125
1 0.27578125 0.2625 0.0453125 0.1265625
1 0.771875 0.253125 0.0578125 0.146875
1 0.78671875 0.25625 0.0390625 0.1828125
1 0.5859375 0.57109375 0.1140625 0.178125
1 0.50859375 0.60625 0.0703125 0.184375
1 0.821875 0.60859375 0.0796875 0.265625
1 0.75078125 0.615625 0.0921875 0.265625
1 0.784375 0.6140625 0.1515625 0.2859375
1 0.8796875 0.62109375 0.075 0.24375
1 0.69375 0.6640625 0.0859375 0.253125
1 0.465625 0.73046875 0.0609375 0.128125
1 0.47265625 0.8640625 0.0953125 0.271875
1 0.63046875 0.8953125 0.1078125 0.2015625
1 0.7359375 0.9203125 0.0953125 0.1390625
1 0.25859375 0.12890625 0.028125 0.059375
1 0.22890625 0.1640625 0.03125 0.1046875