1 0.3578125 0.1921875 0.0609375 0.1328125
1 0.40390625 0.2546875 0.096875 0.2203125
1 0.31484375 0.25234375 0.0671875 0.1625
1 0.709375 0.31875 0.065625 0.1453125
1 0.74140625 0.4046875 0.0859375 0.184375
1 0.80859375 0.45703125 0.08125 0.1953125
1 0.85703125 0.4796875 0.0796875 0.184375
1 0.39140625 0.5015625 0.03125 0.08125
1 0.4 0.51953125 0.0484375 0.0640625
1 0.08125 0.47890625 0.0828125 0.203125
1 0.128125 0.4859375 0.0875 0.20625
1 0.48671875 0.60859375 0.09375 0.19375
1 0.02578125 0.7234375 0.0515625 0.296875
1 0.1671875 0.76953125 0.0953125 0.2421875
1 0.29921875 0.046875 0.0375 0.0859375
1 0.14375 0.79765625 0.1375 0.3109375
1 0.2734375 0.04609375 0.0375 0.0875
1 0.725 0.18359375 0.04375 0.1
1 0.28671875 0.13203125 0.0453125 0.0765625
1 0.76796875 0.2109375 0.0796875 0.109375
1 0.25625 0.15390625 0.0453125 0.109375