1 0.684375 0.2125 0.0390625 0.13515625
1 0.66484375 0.21484375 0.0796875 0.14765625
1 0.6390625 0.215625 0.0390625 0.13984375
1 0.7125 0.22109375 0.0359375 0.13359375
1 0.61171875 0.225 0.0390625 0.14140625
1 0.23203125 0.378125 0.05 0.16875
1 0.3921875 0.52109375 0.0578125 0.0625
1 0.5875 0.58046875 0.11875 0.14609375
1 0.86953125 0.584375 0.05625 0.21875
1 0.50390625 0.60546875 0.0640625 0.175
1 0.9046875 0.61953125 0.0609375 0.225
1 0.76328125 0.68828125 0.0796875 0.24375
1 0.6890625 0.69296875 0.0734375 0.23984375
1 0.484375 0.76328125 0.078125 0.25625
1 0.26640625 0.88203125 0.06875 0.23515625
1 0.20546875 0.103125 0.0265625 0.08359375
1 0.278125 0.11640625 0.025 0.06015625
1 0.3203125 0.11953125 0.0296875 0.06484375
1 0.2453125 0.125 0.0265625 0.05859375
1 0.7578125 0.16640625 0.0265625 0.10234375
1 0.734375 0.17109375 0.03125 0.10234375