1 0.81171875 0.18203125 0.0796875 0.1609375
1 0.76015625 0.19296875 0.071875 0.1828125
1 0.23359375 0.28515625 0.0578125 0.1265625
1 0.2796875 0.2796875 0.0609375 0.15625
1 0.66328125 0.23125 0.05625 0.1046875
1 0.23125 0.4015625 0.0875 0.1921875
1 0.2 0.41328125 0.1203125 0.196875
1 0.18203125 0.42421875 0.075 0.1703125
1 0.7328125 0.3734375 0.0796875 0.2015625
1 0.68671875 0.3828125 0.071875 0.1765625
1 0.084375 0.55625 0.0765625 0.178125
1 0.046875 0.56953125 0.075 0.1765625
1 0.39609375 0.53671875 0.065625 0.0671875
1 0.17578125 0.575 0.0890625 0.2171875
1 0.25546875 0.56875 0.08125 0.184375
1 0.85 0.5296875 0.1 0.228125
1 0.603125 0.5703125 0.14375 0.18125
1 0.9046875 0.53125 0.0859375 0.221875
1 0.51796875 0.60703125 0.084375 0.184375
1 0.84375 0.7296875 0.1203125 0.2921875
1 0.7859375 0.740625 0.0921875 0.2671875
1 0.94921875 0.728125 0.1015625 0.278125
1 0.50625 0.8203125 0.1125 0.2765625
1 0.1421875 0.13671875 0.0515625 0.10625
1 0.22421875 0.15390625 0.04375 0.0703125
1 0.58046875 0.12890625 0.046875 0.10625
1 0.19140625 0.228125 0.0421875 0.1109375