1 0.77265625 0.26171875 0.04375 0.096875
1 0.77578125 0.36484375 0.0640625 0.1640625
1 0.87578125 0.378125 0.0734375 0.159375
1 0.83359375 0.38125 0.06875 0.159375
1 0.721875 0.41171875 0.078125 0.2046875
1 0.746875 0.41796875 0.0796875 0.2140625
1 0.67578125 0.4125 0.075 0.1953125
1 0.628125 0.4171875 0.0765625 0.190625
1 0.590625 0.578125 0.128125 0.178125
1 0.490625 0.60625 0.084375 0.1875
1 0.428125 0.6765625 0.05 0.06875
1 0.4203125 0.8296875 0.0984375 0.290625
1 0.33515625 0.07578125 0.034375 0.04375
1 0.3671875 0.1 0.0359375 0.06875
1 0.20390625 0.12421875 0.0390625 0.1140625
1 0.31875 0.140625 0.04375 0.109375
1 0.2890625 0.14296875 0.0453125 0.1078125