1 0.79921875 0.2875 0.0578125 0.153125
1 0.56484375 0.490625 0.0328125 0.059375
1 0.39453125 0.52734375 0.0609375 0.0625
1 0.61953125 0.57890625 0.0875 0.125
1 0.50859375 0.60703125 0.0703125 0.18125
1 0.878125 0.8140625 0.096875 0.2828125
1 0.79609375 0.83515625 0.1 0.275
1 0.46640625 0.8609375 0.1015625 0.278125
1 0.17578125 0.1046875 0.0375 0.1
1 0.259375 0.12734375 0.028125 0.0609375
1 0.58984375 0.11328125 0.0296875 0.0484375
1 0.29921875 0.13125 0.034375 0.0671875
1 0.59921875 0.16015625 0.04375 0.1015625