1 0.69765625 0.19140625 0.0453125 0.103125
1 0.75 0.21640625 0.053125 0.1375
1 0.30625 0.2875 0.0671875 0.1578125
1 0.2609375 0.3015625 0.0609375 0.1390625
1 0.69296875 0.26171875 0.053125 0.0984375
1 0.2375 0.37421875 0.0859375 0.178125
1 0.1765625 0.39375 0.0734375 0.1703125
1 0.22734375 0.48671875 0.075 0.2015625
1 0.7390625 0.4296875 0.08125 0.2140625
1 0.24765625 0.496875 0.1234375 0.23125
1 0.69375 0.4453125 0.0734375 0.190625
1 0.2828125 0.50390625 0.0703125 0.1921875
1 0.884375 0.446875 0.075 0.165625
1 0.8296875 0.45390625 0.08125 0.18125
1 0.1453125 0.57421875 0.1015625 0.246875
1 0.60078125 0.553125 0.1390625 0.1859375
1 0.5171875 0.60703125 0.0828125 0.184375
1 0.74453125 0.6265625 0.075 0.1375
1 0.890625 0.61484375 0.1 0.2625
1 0.8390625 0.634375 0.0890625 0.24375
1 0.053125 0.73671875 0.0859375 0.2609375
1 0.4890625 0.73359375 0.0703125 0.1265625
1 0.94375 0.71796875 0.1125 0.2796875
1 0.5078125 0.86796875 0.10625 0.2640625
1 0.1515625 0.1328125 0.03125 0.071875
1 0.371875 0.9296875 0.096875 0.140625
1 0.54765625 0.109375 0.03125 0.075
1 0.56875 0.11171875 0.028125 0.0921875
1 0.559375 0.18671875 0.046875 0.1203125