1 0.33671875 0.20703125 0.04375 0.1125
1 0.2265625 0.23203125 0.03125 0.128125
1 0.27265625 0.24296875 0.053125 0.1796875
1 0.68984375 0.31875 0.0578125 0.134375
1 0.36796875 0.303125 0.0640625 0.165625
1 0.3203125 0.30234375 0.046875 0.1625
1 0.6453125 0.3546875 0.053125 0.1671875
1 0.6109375 0.3546875 0.05625 0.1703125
1 0.7078125 0.43984375 0.0640625 0.19375
1 0.821875 0.4671875 0.0640625 0.20625
1 0.41875 0.4703125 0.0484375 0.06875
1 0.8765625 0.49765625 0.0625 0.178125
1 0.16796875 0.46171875 0.0609375 0.175
1 0.12421875 0.4625 0.0671875 0.1796875
1 0.4125 0.52421875 0.0453125 0.0640625
1 0.4984375 0.60703125 0.075 0.1828125
1 0.19921875 0.71171875 0.0484375 0.0765625
1 0.17421875 0.8328125 0.103125 0.3046875
1 0.23515625 0.08359375 0.03125 0.0890625
1 0.26171875 0.084375 0.03125 0.0796875
1 0.2125 0.096875 0.0359375 0.06875
1 0.328125 0.10625 0.034375 0.0765625
1 0.68671875 0.16015625 0.03125 0.0953125
1 0.73125 0.1765625 0.0640625 0.1109375