1 0.83984375 0.36015625 0.075 0.15625
1 0.565625 0.50546875 0.0390625 0.0625
1 0.390625 0.503125 0.0671875 0.06875
1 0.5984375 0.60390625 0.1015625 0.1328125
1 0.484375 0.60625 0.090625 0.1875
1 0.79765625 0.8734375 0.1296875 0.253125
1 0.7125 0.87578125 0.13125 0.2484375
1 0.38671875 0.846875 0.134375 0.2890625
1 0.271875 0.04609375 0.05 0.0921875
1 0.34921875 0.0828125 0.034375 0.0640625
1 0.675 0.14375 0.034375 0.0515625
1 0.3875 0.0953125 0.0421875 0.0703125
1 0.6734375 0.19140625 0.05625 0.1046875