1 0.25703125 0.26953125 0.046875 0.0859375
1 0.7046875 0.2703125 0.04375 0.15
1 0.61640625 0.27890625 0.05625 0.134375
1 0.79453125 0.2859375 0.05 0.1515625
1 0.25625 0.3265625 0.05 0.1015625
1 0.36640625 0.35 0.053125 0.1703125
1 0.3 0.38046875 0.0546875 0.1828125
1 0.1859375 0.38359375 0.053125 0.1171875
1 0.2765625 0.459375 0.065625 0.1859375
1 0.24375 0.51484375 0.0640625 0.2046875
1 0.178125 0.515625 0.0734375 0.190625
1 0.38828125 0.5265625 0.0375 0.0734375
1 0.409375 0.5328125 0.0296875 0.059375
1 0.50625 0.60703125 0.06875 0.178125
1 0.22109375 0.79453125 0.071875 0.2265625
1 0.19765625 0.85 0.0953125 0.3
1 0.1875 0.1125 0.0328125 0.0984375
1 0.27265625 0.1234375 0.015625 0.04375
1 0.34140625 0.1265625 0.0234375 0.06875
1 0.66328125 0.14765625 0.03125 0.0984375
1 0.30703125 0.15625 0.0296875 0.115625
1 0.73203125 0.15625 0.040625 0.08125
1 0.253125 0.2046875 0.0375 0.109375