1 0.69453125 0.240625 0.0453125 0.146875
1 0.65703125 0.2453125 0.0453125 0.1546875
1 0.62890625 0.25390625 0.0453125 0.146875
1 0.734375 0.253125 0.0453125 0.1484375
1 0.253125 0.30546875 0.0515625 0.1453125
1 0.8734375 0.42734375 0.0453125 0.103125
1 0.54140625 0.4703125 0.034375 0.0609375
1 0.57890625 0.51484375 0.0609375 0.0953125
1 0.39375 0.525 0.0578125 0.0640625
1 0.88984375 0.52421875 0.0734375 0.2203125
1 0.7796875 0.54375 0.075 0.2328125
1 0.7125 0.54921875 0.071875 0.2203125
1 0.58515625 0.58515625 0.109375 0.1765625
1 0.50625 0.60078125 0.0671875 0.16875
1 0.4765625 0.74453125 0.071875 0.23125
1 0.20390625 0.90234375 0.0859375 0.1953125
1 0.19296875 0.115625 0.0234375 0.078125
1 0.265625 0.12265625 0.025 0.0578125
1 0.25078125 0.125 0.01875 0.059375
1 0.30703125 0.12734375 0.0296875 0.0671875
1 0.715625 0.15703125 0.034375 0.0765625
1 0.7453125 0.165625 0.034375 0.0984375