1 0.303125 0.21953125 0.05 0.11875
1 0.71171875 0.25078125 0.0453125 0.1375
1 0.7640625 0.2609375 0.0484375 0.128125
1 0.3328125 0.25390625 0.0421875 0.078125
1 0.43203125 0.36484375 0.065625 0.184375
1 0.40625 0.37734375 0.0609375 0.1796875
1 0.36171875 0.378125 0.0625 0.1796875
1 0.15390625 0.365625 0.0578125 0.103125
1 0.265625 0.375 0.059375 0.16875
1 0.74296875 0.41640625 0.0796875 0.1765625
1 0.09765625 0.43828125 0.065625 0.175
1 0.15078125 0.475 0.0578125 0.1921875
1 0.22109375 0.484375 0.078125 0.1953125
1 0.3859375 0.50859375 0.0421875 0.06875
1 0.403125 0.5234375 0.0265625 0.0453125
1 0.39375 0.0484375 0.028125 0.0609375
1 0.4953125 0.609375 0.08125 0.1875
1 0.0375 0.67421875 0.075 0.2171875
1 0.19921875 0.79296875 0.084375 0.2515625
1 0.1671875 0.82578125 0.1140625 0.309375
1 0.21640625 0.078125 0.034375 0.0671875
1 0.69609375 0.16015625 0.0390625 0.09375
1 0.76640625 0.1734375 0.0390625 0.0890625
1 0.31484375 0.1421875 0.040625 0.1109375
1 0.23203125 0.140625 0.04375 0.1078125
1 0.3578125 0.15390625 0.046875 0.115625