1 0.634375 0.22734375 0.0359375 0.1484375
1 0.6609375 0.225 0.05625 0.1390625
1 0.18203125 0.315625 0.0578125 0.1578125
1 0.2734375 0.33203125 0.065625 0.1640625
1 0.32265625 0.33671875 0.05625 0.1703125
1 0.24140625 0.3640625 0.06875 0.1875
1 0.6421875 0.42734375 0.1 0.221875
1 0.58359375 0.43984375 0.0734375 0.2109375
1 0.41328125 0.540625 0.040625 0.0578125
1 0.33125 0.07734375 0.03125 0.075
1 0.52421875 0.60390625 0.1015625 0.203125
1 0.81171875 0.5796875 0.0765625 0.2484375
1 0.88203125 0.5984375 0.08125 0.2578125
1 0.31640625 0.08515625 0.0296875 0.0671875
1 0.184375 0.70546875 0.071875 0.134375
1 0.77109375 0.6609375 0.10625 0.2671875
1 0.66796875 0.69921875 0.0890625 0.2984375
1 0.2421875 0.84765625 0.0921875 0.2671875
1 0.20859375 0.86796875 0.1015625 0.2640625
1 0.2640625 0.11953125 0.0234375 0.0546875
1 0.22109375 0.13359375 0.0609375 0.1296875
1 0.28984375 0.16171875 0.034375 0.10625
1 0.6296875 0.12578125 0.0546875 0.1046875
1 0.1671875 0.18984375 0.05625 0.1109375
1 0.67890625 0.1421875 0.065625 0.109375
1 0.25859375 0.2046875 0.046875 0.1125
1 0.19453125 0.2125 0.0421875 0.0875
1 0.578125 0.190625 0.0609375 0.1390625
1 0.61484375 0.18671875 0.0484375 0.1296875