1 0.6609375 0.19921875 0.0453125 0.075
1 0.80546875 0.18828125 0.0484375 0.159375
1 0.27109375 0.265625 0.0546875 0.140625
1 0.23984375 0.26953125 0.053125 0.134375
1 0.70078125 0.3375 0.071875 0.1828125
1 0.65625 0.3515625 0.0609375 0.16875
1 0.24140625 0.4296875 0.0796875 0.203125
1 0.18359375 0.44453125 0.06875 0.1828125
1 0.12109375 0.484375 0.065625 0.1609375
1 0.08203125 0.5 0.0609375 0.1765625
1 0.39375 0.53359375 0.0609375 0.0640625
1 0.5984375 0.56875 0.146875 0.18125
1 0.21796875 0.621875 0.0828125 0.2078125
1 0.12734375 0.6328125 0.0875 0.2390625
1 0.51328125 0.6015625 0.078125 0.171875
1 0.8140625 0.615625 0.0859375 0.225
1 0.87734375 0.63359375 0.090625 0.2515625
1 0.05546875 0.746875 0.0921875 0.2828125
1 0.94375 0.74453125 0.1125 0.2796875
1 0.1671875 0.11328125 0.040625 0.075
1 0.503125 0.81953125 0.1046875 0.2796875
1 0.83828125 0.83203125 0.1140625 0.2703125
1 0.72890625 0.8484375 0.109375 0.2671875
1 0.1859375 0.1359375 0.0265625 0.0546875
1 0.2359375 0.14375 0.0375 0.0671875
1 0.6328125 0.12890625 0.040625 0.103125
1 0.18203125 0.19921875 0.040625 0.1109375
1 0.30234375 0.1875 0.034375 0.09375