1 0.65234375 0.24375 0.0484375 0.13125
1 0.30078125 0.20390625 0.0515625 0.10625
1 0.35859375 0.309375 0.05625 0.1453125
1 0.3078125 0.30859375 0.0609375 0.14375
1 0.72578125 0.43125 0.0703125 0.1765625
1 0.415625 0.46171875 0.040625 0.0578125
1 0.565625 0.5140625 0.0359375 0.0625
1 0.3953125 0.50390625 0.028125 0.04375
1 0.559375 0.5953125 0.1078125 0.178125
1 0.62578125 0.6109375 0.1015625 0.26875
1 0.48984375 0.6078125 0.0828125 0.184375
1 0.7015625 0.6515625 0.08125 0.2171875
1 0.428125 0.67109375 0.053125 0.059375
1 0.72109375 0.8390625 0.11875 0.215625
1 0.425 0.82734375 0.11875 0.3203125
1 0.8078125 0.86328125 0.125 0.2734375
1 0.86640625 0.8984375 0.1171875 0.203125
1 0.7140625 0.92265625 0.11875 0.1546875
1 0.3296875 0.09296875 0.03125 0.0609375
1 0.24296875 0.1 0.0375 0.0921875
1 0.29453125 0.12734375 0.0390625 0.0875
1 0.3375 0.1578125 0.0359375 0.059375
1 0.71171875 0.22734375 0.053125 0.1328125
1 0.684375 0.22734375 0.0515625 0.128125