1 0.20234375 0.4328125 0.065625 0.171875
1 0.39140625 0.52265625 0.0546875 0.0609375
1 0.5515625 0.55 0.0515625 0.1234375
1 0.61015625 0.57578125 0.0921875 0.1296875
1 0.5046875 0.60625 0.0640625 0.1765625
1 0.86328125 0.60625 0.0671875 0.2234375
1 0.928125 0.6359375 0.09375 0.2359375
1 0.47265625 0.7765625 0.078125 0.2421875
1 0.66953125 0.775 0.084375 0.259375
1 0.7515625 0.78046875 0.09375 0.2609375
1 0.196875 0.10546875 0.028125 0.08125
1 0.26171875 0.121875 0.0234375 0.059375
1 0.31484375 0.12421875 0.0296875 0.0671875
1 0.7453125 0.16171875 0.03125 0.096875
1 0.659375 0.19296875 0.0390625 0.13125
1 0.678125 0.19296875 0.08125 0.1390625
1 0.615625 0.1953125 0.0390625 0.128125
1 0.7015625 0.19609375 0.0359375 0.125
1 0.584375 0.20078125 0.0375 0.134375