1 0.70078125 0.225 0.040625 0.071875
1 0.84609375 0.23359375 0.0375 0.1578125
1 0.30625 0.2359375 0.0453125 0.1390625
1 0.275 0.2359375 0.04375 0.1328125
1 0.72109375 0.3671875 0.059375 0.18125
1 0.67578125 0.375 0.05 0.165625
1 0.25390625 0.39453125 0.065625 0.2
1 0.19453125 0.40078125 0.05625 0.18125
1 0.12734375 0.43125 0.0546875 0.1578125
1 0.0859375 0.44140625 0.05 0.1734375
1 0.38984375 0.51875 0.05625 0.0609375
1 0.5875 0.58203125 0.1359375 0.1734375
1 0.20390625 0.58125 0.06875 0.2046875
1 0.1125 0.5796875 0.071875 0.2359375
1 0.4984375 0.60234375 0.0671875 0.16875
1 0.79453125 0.6578125 0.071875 0.2203125
1 0.8546875 0.68515625 0.0734375 0.2484375
1 0.03046875 0.68203125 0.0609375 0.2796875
1 0.90625 0.80390625 0.09375 0.275
1 0.22421875 0.0703125 0.0359375 0.0734375
1 0.45859375 0.81640625 0.0859375 0.275
1 0.7875 0.87109375 0.096875 0.2578125
1 0.67734375 0.87265625 0.0921875 0.2546875
1 0.23984375 0.09609375 0.0234375 0.053125
1 0.28828125 0.11015625 0.0328125 0.065625
1 0.68359375 0.15078125 0.0328125 0.1015625
1 0.2265625 0.15859375 0.0328125 0.109375
1 0.34765625 0.16328125 0.028125 0.0921875