1 0.3421875 0.20390625 0.0453125 0.1125
1 0.23125 0.22734375 0.034375 0.128125
1 0.27734375 0.2390625 0.05625 0.1796875
1 0.69296875 0.32265625 0.0609375 0.134375
1 0.37109375 0.30078125 0.0671875 0.165625
1 0.3234375 0.29921875 0.05 0.1625
1 0.64765625 0.3578125 0.05625 0.1671875
1 0.61328125 0.35703125 0.0578125 0.171875
1 0.709375 0.44296875 0.0671875 0.1953125
1 0.821875 0.4734375 0.0671875 0.2078125
1 0.41875 0.46953125 0.05 0.06875
1 0.8765625 0.5046875 0.065625 0.178125
1 0.16875 0.45546875 0.0640625 0.1765625
1 0.125 0.45546875 0.0703125 0.18125
1 0.4125 0.52265625 0.046875 0.065625
1 0.49609375 0.60703125 0.078125 0.1828125
1 0.19609375 0.70625 0.05 0.078125
1 0.16875 0.8265625 0.1078125 0.3046875
1 0.24296875 0.07890625 0.0328125 0.0890625
1 0.26953125 0.08046875 0.03125 0.08125
1 0.2203125 0.0921875 0.0375 0.06875
1 0.33515625 0.103125 0.0359375 0.0765625
1 0.69296875 0.16328125 0.0328125 0.0953125
1 0.73671875 0.18046875 0.065625 0.1125