1 0.625 0.2296875 0.034375 0.1296875
1 0.27109375 0.2265625 0.040625 0.103125
1 0.33984375 0.325 0.0421875 0.1421875
1 0.2890625 0.3296875 0.046875 0.140625
1 0.7171875 0.4078125 0.053125 0.171875
1 0.4125 0.47109375 0.0359375 0.0546875
1 0.5671875 0.50703125 0.03125 0.059375
1 0.396875 0.51484375 0.0234375 0.0421875
1 0.56875 0.5890625 0.090625 0.1703125
1 0.63671875 0.596875 0.075 0.2640625
1 0.5015625 0.60859375 0.0640625 0.1796875
1 0.71640625 0.6296875 0.059375 0.2140625
1 0.44609375 0.678125 0.0484375 0.0546875
1 0.75546875 0.8140625 0.096875 0.2078125
1 0.46015625 0.83359375 0.0859375 0.3140625
1 0.84609375 0.84765625 0.0921875 0.3046875
1 0.91015625 0.8796875 0.0921875 0.240625
1 0.75859375 0.91171875 0.1015625 0.1765625
1 0.28828125 0.1125 0.0265625 0.059375
1 0.20234375 0.12890625 0.028125 0.090625
1 0.25703125 0.15078125 0.0296875 0.0859375
1 0.30234375 0.17734375 0.03125 0.05625
1 0.6828125 0.20703125 0.0390625 0.1296875
1 0.65546875 0.209375 0.0375 0.125