1 0.43828125 0.31875 0.0640625 0.1578125
1 0.26171875 0.3109375 0.0640625 0.1875
1 0.2203125 0.3328125 0.0734375 0.1734375
1 0.30625 0.35078125 0.06875 0.1859375
1 0.1828125 0.46328125 0.0765625 0.196875
1 0.2421875 0.47578125 0.09375 0.2125
1 0.40703125 0.51796875 0.0296875 0.0484375
1 0.75703125 0.56640625 0.1015625 0.2171875
1 0.490625 0.60859375 0.0875 0.184375
1 0.03359375 0.575 0.0671875 0.221875
1 0.0734375 0.5953125 0.096875 0.2359375
1 0.1796875 0.775 0.1 0.2828125
1 0.15 0.809375 0.128125 0.303125
1 0.71328125 0.15234375 0.04375 0.078125
1 0.25 0.1546875 0.05625 0.165625
1 0.7046875 0.22578125 0.05 0.121875
1 0.77890625 0.2390625 0.0484375 0.1203125