1 0.27421875 0.246875 0.059375 0.13125
1 0.3359375 0.29375 0.09375 0.21875
1 0.25 0.3171875 0.0640625 0.1625
1 0.646875 0.265625 0.0625 0.1453125
1 0.703125 0.33828125 0.0828125 0.184375
1 0.7828125 0.36875 0.078125 0.1953125
1 0.83515625 0.3765625 0.078125 0.184375
1 0.396875 0.53359375 0.0296875 0.08125
1 0.41015625 0.5484375 0.046875 0.0640625
1 0.09296875 0.60234375 0.0796875 0.203125
1 0.140625 0.5953125 0.0828125 0.20625
1 0.51875 0.6078125 0.090625 0.1921875
1 0.08203125 0.85625 0.1109375 0.2875
1 0.26015625 0.8546875 0.0921875 0.240625
1 0.175 0.125 0.0359375 0.0859375
1 0.24609375 0.8671875 0.1328125 0.265625
1 0.15078125 0.13203125 0.0359375 0.0875
1 0.62265625 0.13203125 0.0421875 0.1
1 0.18828125 0.21015625 0.04375 0.0765625
1 0.671875 0.1453125 0.078125 0.1078125
1 0.165625 0.23984375 0.04375 0.109375